********************************************************************************
STREME - Sensitive, Thorough, Rapid, Enriched Motif Elicitation
********************************************************************************
MEME version 5.4.1 (Release date: Sat Aug 21 19:23:23 2021 -0700)

For further information on how to interpret these results please access https://meme-suite.org/meme.
To get a copy of the MEME Suite software please access https://meme-suite.org.

********************************************************************************


********************************************************************************
REFERENCE
********************************************************************************
If you use this program in your research, please cite:

Timothy L. Bailey,
"STREME: accurate and versatile sequence motif discovery",
Bioinformatics, Mar. 24, 2021.
********************************************************************************


ALPHABET= ACGT

strands: + -

Background letter frequencies
A 0.3 C 0.2 G 0.2 T 0.3 

MOTIF 1-CGCCACCG STREME-1
letter-probability matrix: alength= 4 w= 8 nsites= 678 E= 6.4e-012
 0.001662 0.922859 0.022261 0.053218
 0.261785 0.000726 0.737401 0.000088
 0.000088 0.952034 0.000058 0.047820
 0.000088 0.735340 0.190808 0.073764
 0.999795 0.000058 0.000058 0.000088
 0.101077 0.645086 0.181891 0.071946
 0.000088 0.855648 0.130654 0.013610
 0.237338 0.139536 0.609001 0.014125

MOTIF 2-RMCCAGCRCCDSNNSSD STREME-2
letter-probability matrix: alength= 4 w= 17 nsites= 644 E= 5.0e-007
 0.447335 0.156357 0.272430 0.123879
 0.304952 0.354454 0.173381 0.167212
 0.000067 0.871366 0.123856 0.004710
 0.000067 0.999820 0.000045 0.000067
 0.750673 0.041831 0.072784 0.134712
 0.013996 0.048022 0.824937 0.113045
 0.057330 0.699578 0.037188 0.205903
 0.399358 0.077427 0.472075 0.051140
 0.088283 0.597434 0.241477 0.072806
 0.085188 0.605172 0.264691 0.044949
 0.301857 0.108380 0.343621 0.246142
 0.021734 0.535528 0.332788 0.109950
 0.278643 0.201238 0.346716 0.173403
 0.204356 0.253858 0.303382 0.238404
 0.032568 0.521600 0.306478 0.139355
 0.191975 0.303382 0.431836 0.072806
 0.366858 0.160999 0.260048 0.212094

MOTIF 3-VCCAGGC STREME-3
letter-probability matrix: alength= 4 w= 7 nsites= 688 E= 3.0e-006
 0.376653 0.200859 0.353867 0.068621
 0.000149 0.999603 0.000099 0.000149
 0.000149 0.999603 0.000099 0.000149
 0.999653 0.000099 0.000099 0.000149
 0.000149 0.322958 0.676744 0.000149
 0.259908 0.000099 0.663384 0.076609
 0.000149 0.641170 0.163342 0.195339

MOTIF 4-MBGCGCVK STREME-4
letter-probability matrix: alength= 4 w= 8 nsites= 498 E= 2.4e-004
 0.303897 0.544638 0.151284 0.000182
 0.050258 0.406899 0.213675 0.329169
 0.131554 0.000121 0.868143 0.000182
 0.000182 0.952497 0.047139 0.000182
 0.000182 0.047139 0.952497 0.000182
 0.000182 0.868143 0.000121 0.131554
 0.329169 0.213675 0.406899 0.050258
 0.000182 0.151284 0.544638 0.303897

MOTIF 5-GCGCCGGAT STREME-5
letter-probability matrix: alength= 4 w= 9 nsites= 684 E= 6.8e-004
 0.192878 0.057347 0.621835 0.127941
 0.003019 0.982212 0.003651 0.011119
 0.093174 0.058639 0.848109 0.000078
 0.064212 0.782321 0.013980 0.139487
 0.003024 0.883504 0.050255 0.063217
 0.211094 0.017985 0.679930 0.090990
 0.016240 0.092163 0.776993 0.114605
 0.557837 0.008153 0.182973 0.251037
 0.127163 0.141880 0.168623 0.562334

MOTIF 6-YGCGCR STREME-6
letter-probability matrix: alength= 4 w= 6 nsites= 371 E= 1.2e-002
 0.052355 0.468227 0.086799 0.392619
 0.059289 0.014867 0.875389 0.050455
 0.012566 0.869280 0.066168 0.051986
 0.051986 0.066168 0.869280 0.012566
 0.050455 0.875389 0.014867 0.059289
 0.392619 0.086799 0.468227 0.052355

MOTIF 7-ACCAGT STREME-7
letter-probability matrix: alength= 4 w= 6 nsites= 386 E= 1.8e-002
 0.714597 0.096544 0.115728 0.073132
 0.000420 0.998879 0.000280 0.000420
 0.000420 0.996822 0.001057 0.001701
 0.983743 0.015556 0.000280 0.000420
 0.000420 0.281146 0.718013 0.000420
 0.190540 0.000280 0.068264 0.740916

MOTIF 8-CGGTAAC STREME-8
letter-probability matrix: alength= 4 w= 7 nsites= 226 E= 1.2e-001
 0.016737 0.936751 0.034968 0.011545
 0.005867 0.037234 0.953479 0.003420
 0.023434 0.024836 0.849460 0.102271
 0.000624 0.121147 0.003922 0.874306
 0.911720 0.045329 0.017041 0.025910
 0.821524 0.054318 0.041831 0.082327
 0.000624 0.888042 0.054329 0.057004

MOTIF 9-CSYRSG STREME-9
letter-probability matrix: alength= 4 w= 6 nsites= 495 E= 1.7e-001
 0.039736 0.959579 0.000274 0.000411
 0.000411 0.479296 0.519882 0.000411
 0.206468 0.469649 0.000274 0.323610
 0.323610 0.000274 0.469649 0.206468
 0.000411 0.519882 0.479296 0.000411
 0.000411 0.000274 0.959579 0.039736

MOTIF 10-CGGTRAWGNBRNCGH STREME-10
letter-probability matrix: alength= 4 w= 15 nsites= 578 E= 1.9e-001
 0.052036 0.817044 0.032302 0.098619
 0.000078 0.026927 0.972917 0.000078
 0.283159 0.059176 0.593088 0.064577
 0.000078 0.283132 0.000052 0.716737
 0.455157 0.000052 0.462297 0.082494
 0.820653 0.059176 0.032302 0.087869
 0.456948 0.179217 0.037677 0.326158
 0.152368 0.195342 0.587713 0.064577
 0.179243 0.317174 0.247300 0.256284
 0.050244 0.417506 0.258049 0.274200
 0.387074 0.026927 0.535755 0.050244
 0.288533 0.259841 0.189967 0.261659
 0.071744 0.688045 0.025135 0.215076
 0.152368 0.155925 0.666545 0.025161
 0.396032 0.198925 0.184592 0.220451

MOTIF 11-GCGCAACVB STREME-11
letter-probability matrix: alength= 4 w= 9 nsites= 609 E= 2.4e-001
 0.279508 0.074131 0.620431 0.025930
 0.020265 0.881743 0.097899 0.000092
 0.039261 0.143597 0.779369 0.037773
 0.080162 0.724783 0.000061 0.194993
 0.849882 0.017058 0.084889 0.048171
 0.691607 0.284284 0.003605 0.020503
 0.000092 0.887538 0.000061 0.112308
 0.366632 0.200210 0.256659 0.176499
 0.071573 0.232864 0.463325 0.232238

MOTIF 12-GSGTAR STREME-12
letter-probability matrix: alength= 4 w= 6 nsites= 434 E= 4.1e-001
 0.000658 0.000439 0.998246 0.000658
 0.000658 0.649535 0.349150 0.000658
 0.000658 0.000439 0.998246 0.000658
 0.000658 0.000439 0.000439 0.998465
 0.693655 0.000439 0.000439 0.305467
 0.594512 0.065321 0.339509 0.000658

MOTIF 13-KCGACC STREME-13
letter-probability matrix: alength= 4 w= 6 nsites= 587 E= 4.2e-001
 0.129017 0.154975 0.468908 0.247100
 0.000364 0.999029 0.000243 0.000364
 0.143441 0.000243 0.826852 0.029464
 0.868048 0.131344 0.000243 0.000364
 0.000364 0.999029 0.000243 0.000364
 0.068727 0.706812 0.224097 0.000364

MOTIF 14-CAGGKTGWT STREME-14
letter-probability matrix: alength= 4 w= 9 nsites= 50 E= 6.1e-001
 0.000971 0.997410 0.000648 0.000971
 0.819337 0.000648 0.112120 0.067895
 0.000971 0.000648 0.997410 0.000971
 0.000971 0.000648 0.997410 0.000971
 0.000971 0.000648 0.426444 0.571937
 0.000971 0.000648 0.197406 0.800976
 0.161392 0.000648 0.836989 0.000971
 0.510039 0.000648 0.000648 0.488666
 0.000971 0.156736 0.000648 0.841645

MOTIF 15-TCCNGGA STREME-15
letter-probability matrix: alength= 4 w= 7 nsites= 245 E= 7.6e-001
 0.200341 0.000564 0.128625 0.670469
 0.000847 0.997743 0.000564 0.000847
 0.000847 0.997743 0.000564 0.000847
 0.299741 0.200259 0.200259 0.299741
 0.000847 0.000564 0.997743 0.000847
 0.000847 0.000564 0.997743 0.000847
 0.670469 0.128625 0.000564 0.200341

MOTIF 16-CCAGCAA STREME-16
letter-probability matrix: alength= 4 w= 7 nsites= 190 E= 8.3e-001
 0.000992 0.997355 0.000661 0.000992
 0.000992 0.997103 0.000661 0.001244
 0.892812 0.040026 0.000661 0.066501
 0.039104 0.014378 0.945526 0.000992
 0.000992 0.850204 0.000661 0.148143
 0.818767 0.110157 0.000661 0.070415
 0.563794 0.175604 0.224970 0.035632

MOTIF 17-CCGTCAGG STREME-17
letter-probability matrix: alength= 4 w= 8 nsites= 57 E= 2.8e+000
 0.152486 0.617888 0.000910 0.228716
 0.001365 0.996361 0.000910 0.001365
 0.001365 0.000910 0.996361 0.001365
 0.032706 0.000910 0.000910 0.965475
 0.045133 0.889910 0.063593 0.001365
 0.909683 0.000910 0.000910 0.088498
 0.001365 0.076429 0.920842 0.001365
 0.001365 0.000910 0.857859 0.139866

MOTIF 18-AACTCATCG STREME-18
letter-probability matrix: alength= 4 w= 9 nsites= 24 E= 4.8e+000
 0.900611 0.095957 0.001373 0.002059
 0.947903 0.048665 0.001373 0.002059
 0.002059 0.994509 0.001373 0.002059
 0.002059 0.048665 0.001373 0.947903
 0.002059 0.994509 0.001373 0.002059
 0.853319 0.048665 0.001373 0.096643
 0.143936 0.190542 0.001373 0.664150
 0.002059 0.994509 0.001373 0.002059
 0.002059 0.001373 0.994509 0.002059

MOTIF 19-CGGTAGT STREME-19
letter-probability matrix: alength= 4 w= 7 nsites= 111 E= 5.0e+000
 0.040894 0.942307 0.000680 0.016120
 0.056076 0.078916 0.806536 0.058472
 0.064440 0.005157 0.820756 0.109646
 0.001019 0.000680 0.012097 0.986204
 0.941203 0.000680 0.057098 0.001019
 0.001019 0.128802 0.869159 0.001019
 0.228319 0.000680 0.015780 0.755220

********************************************************************************
Stopped because 3 consecutive motifs exceeded the p-value threshold (0.05).
********************************************************************************
COMMAND:	streme --verbosity 1 --oc streme_outputs/Escherichia_coli_33_200_Bacillus_subtilis_33_200 --dna --p opt_files/Escherichia_coli/Escherichia_coli_33_200.fasta --n deopt_files/Bacillus_subtilis/Bacillus_subtilis_33_200.fasta --order 2 --minw 6 --maxw 20 --pvt 0.05
********************************************************************************
CPU:		student-VirtualBox
********************************************************************************
FINALTIME:	166.06 seconds
********************************************************************************
