********************************************************************************
STREME - Sensitive, Thorough, Rapid, Enriched Motif Elicitation
********************************************************************************
MEME version 5.4.1 (Release date: Sat Aug 21 19:23:23 2021 -0700)

For further information on how to interpret these results please access https://meme-suite.org/meme.
To get a copy of the MEME Suite software please access https://meme-suite.org.

********************************************************************************


********************************************************************************
REFERENCE
********************************************************************************
If you use this program in your research, please cite:

Timothy L. Bailey,
"STREME: accurate and versatile sequence motif discovery",
Bioinformatics, Mar. 24, 2021.
********************************************************************************


ALPHABET= ACGT

strands: + -

Background letter frequencies
A 0.3 C 0.2 G 0.2 T 0.3 

MOTIF 1-CCGGCGRCGRBGCBGNSCSS STREME-1
letter-probability matrix: alength= 4 w= 20 nsites= 983 E= 1.3e-029
 0.089119 0.545604 0.154795 0.210481
 0.004500 0.854019 0.077970 0.063511
 0.025655 0.109145 0.864040 0.001160
 0.151471 0.116939 0.575666 0.155924
 0.008954 0.730431 0.020072 0.240544
 0.025655 0.039000 0.931958 0.003386
 0.473247 0.165930 0.248322 0.112501
 0.051263 0.664739 0.099125 0.184873
 0.043469 0.194878 0.756039 0.005613
 0.413123 0.160362 0.252776 0.173739
 0.094686 0.352983 0.202672 0.349658
 0.092460 0.238301 0.621316 0.047923
 0.140336 0.501067 0.143661 0.214935
 0.135883 0.374138 0.301766 0.188213
 0.054604 0.268364 0.643584 0.033449
 0.310689 0.265023 0.211580 0.212708
 0.098027 0.330715 0.452077 0.119182
 0.027882 0.660285 0.289519 0.022315
 0.170399 0.261683 0.414221 0.153697
 0.169285 0.336282 0.404200 0.090233

MOTIF 2-GCCGCGCTGGCCGGCGACG STREME-2
letter-probability matrix: alength= 4 w= 19 nsites= 1018 E= 6.6e-028
 0.069117 0.048080 0.854218 0.028585
 0.100642 0.753639 0.063092 0.082628
 0.021079 0.831701 0.082607 0.064613
 0.066115 0.043576 0.855720 0.034590
 0.114153 0.725116 0.087111 0.073621
 0.063112 0.093115 0.812185 0.031587
 0.060110 0.761145 0.124640 0.054105
 0.106647 0.120137 0.120137 0.653080
 0.055606 0.165172 0.702598 0.076623
 0.097640 0.097619 0.720613 0.084129
 0.127663 0.579501 0.129144 0.163692
 0.075122 0.677078 0.160669 0.087131
 0.117155 0.145657 0.674076 0.063112
 0.162191 0.190693 0.498436 0.148680
 0.091635 0.653059 0.138151 0.117155
 0.114153 0.168175 0.635045 0.082628
 0.403882 0.199700 0.196697 0.199721
 0.093136 0.578000 0.216213 0.112652
 0.117155 0.199700 0.609525 0.073621

MOTIF 3-CSYCGCYSVNCRCSVNSVC STREME-3
letter-probability matrix: alength= 4 w= 19 nsites= 944 E= 6.1e-017
 0.213072 0.593294 0.124869 0.068765
 0.012646 0.636815 0.350492 0.000048
 0.163825 0.388286 0.045843 0.402046
 0.123739 0.591003 0.256578 0.028680
 0.000048 0.000032 0.999873 0.000048
 0.185585 0.463876 0.207330 0.143209
 0.071056 0.297808 0.146629 0.484507
 0.178713 0.324150 0.497089 0.000048
 0.248576 0.231381 0.407756 0.112286
 0.234833 0.329876 0.233672 0.201619
 0.060748 0.613909 0.245125 0.080218
 0.304696 0.184424 0.371107 0.139773
 0.115722 0.521140 0.221073 0.142064
 0.044714 0.457004 0.485636 0.012646
 0.380285 0.192441 0.266885 0.160389
 0.213072 0.287500 0.232526 0.266901
 0.000048 0.397449 0.554354 0.048150
 0.246286 0.321859 0.296663 0.135192
 0.000048 0.670029 0.256578 0.073346

MOTIF 4-ACCGRCCVGCWSCVS STREME-4
letter-probability matrix: alength= 4 w= 15 nsites= 760 E= 3.6e-008
 0.618492 0.204712 0.125199 0.051597
 0.000061 0.809890 0.103113 0.086936
 0.000061 0.979223 0.005931 0.014786
 0.194425 0.086916 0.596385 0.122275
 0.440325 0.095750 0.406438 0.057487
 0.000061 0.731850 0.179680 0.088408
 0.162031 0.642031 0.131089 0.064849
 0.266575 0.268027 0.325453 0.139944
 0.138472 0.273917 0.583133 0.004478
 0.188535 0.484478 0.200294 0.126692
 0.419711 0.172318 0.156121 0.251851
 0.070739 0.365209 0.541904 0.022148
 0.128165 0.618471 0.176735 0.076629
 0.290135 0.232688 0.402021 0.075156
 0.113440 0.422635 0.415273 0.048652

MOTIF 5-SGTCGADBYSGCG STREME-5
letter-probability matrix: alength= 4 w= 13 nsites= 630 E= 1.1e-004
 0.031604 0.515704 0.343817 0.108875
 0.086797 0.189277 0.670244 0.053682
 0.115182 0.211354 0.100968 0.572496
 0.000065 0.889439 0.094660 0.015835
 0.031604 0.000044 0.968287 0.000065
 0.605612 0.093083 0.127776 0.173529
 0.318608 0.126199 0.285470 0.269723
 0.143567 0.294932 0.296509 0.264992
 0.082066 0.438434 0.190854 0.288646
 0.031604 0.337509 0.553551 0.077336
 0.000065 0.277586 0.679706 0.042643
 0.149875 0.465242 0.230277 0.154606
 0.113605 0.195585 0.635552 0.055258

MOTIF 6-CGCCGG STREME-6
letter-probability matrix: alength= 4 w= 6 nsites= 314 E= 1.0e-001
 0.000624 0.998336 0.000416 0.000624
 0.111142 0.010893 0.877341 0.000624
 0.060079 0.703010 0.000416 0.236495
 0.000624 0.711775 0.080204 0.207397
 0.074159 0.055583 0.869634 0.000624
 0.051711 0.000416 0.943240 0.004633

MOTIF 7-GCCCASC STREME-7
letter-probability matrix: alength= 4 w= 7 nsites= 356 E= 1.1e-001
 0.064384 0.000165 0.935205 0.000247
 0.106894 0.692493 0.117543 0.083070
 0.000247 0.752947 0.246559 0.000247
 0.028799 0.970789 0.000165 0.000247
 0.943996 0.000165 0.055593 0.000247
 0.224438 0.455241 0.297196 0.023124
 0.064903 0.934686 0.000165 0.000247

MOTIF 8-CACCCGG STREME-8
letter-probability matrix: alength= 4 w= 7 nsites= 84 E= 1.4e-001
 0.001329 0.992371 0.000886 0.005414
 0.996900 0.000886 0.000886 0.001329
 0.001329 0.996457 0.000886 0.001329
 0.001329 0.983677 0.000886 0.014108
 0.112117 0.643267 0.000886 0.243730
 0.222304 0.000886 0.775481 0.001329
 0.185824 0.000886 0.753108 0.060182

MOTIF 9-CGGCCG STREME-9
letter-probability matrix: alength= 4 w= 6 nsites= 619 E= 2.1e-001
 0.017025 0.717526 0.145820 0.119629
 0.000722 0.074395 0.924160 0.000722
 0.239573 0.063997 0.695708 0.000722
 0.000722 0.695708 0.063997 0.239573
 0.000722 0.924160 0.074395 0.000722
 0.119629 0.145820 0.717526 0.017025

MOTIF 10-CCACCGGCGH STREME-10
letter-probability matrix: alength= 4 w= 10 nsites= 410 E= 2.4e-001
 0.136276 0.697552 0.095079 0.071093
 0.025616 0.809194 0.046169 0.119021
 0.918696 0.018589 0.052728 0.009987
 0.046209 0.690443 0.107030 0.156318
 0.008761 0.884887 0.081962 0.024390
 0.116632 0.162678 0.649413 0.071277
 0.133852 0.068785 0.640923 0.156439
 0.049089 0.627531 0.116100 0.207279
 0.094382 0.121004 0.686615 0.097999
 0.411372 0.223174 0.098786 0.266668

MOTIF 11-CGCCAACC STREME-11
letter-probability matrix: alength= 4 w= 8 nsites= 33 E= 4.6e-001
 0.002235 0.994039 0.001490 0.002235
 0.002235 0.001490 0.819665 0.176610
 0.036835 0.749694 0.001490 0.211981
 0.002235 0.983125 0.001490 0.013149
 0.887083 0.001490 0.001490 0.109936
 0.994784 0.001490 0.001490 0.002235
 0.002235 0.994039 0.001490 0.002235
 0.002235 0.861928 0.001490 0.134346

MOTIF 12-CGCGCCC STREME-12
letter-probability matrix: alength= 4 w= 7 nsites= 296 E= 4.7e-001
 0.000301 0.999197 0.000201 0.000301
 0.000301 0.000201 0.999197 0.000301
 0.212360 0.450146 0.152780 0.184714
 0.206252 0.000201 0.644349 0.149198
 0.304408 0.623743 0.000201 0.071649
 0.263934 0.735565 0.000201 0.000301
 0.000301 0.999197 0.000201 0.000301

MOTIF 13-CTGGGCC STREME-13
letter-probability matrix: alength= 4 w= 7 nsites= 236 E= 5.4e-001
 0.000546 0.998544 0.000364 0.000546
 0.000546 0.032415 0.235871 0.731168
 0.173451 0.165435 0.660568 0.000546
 0.073468 0.035807 0.890179 0.000546
 0.133045 0.000364 0.866045 0.000546
 0.065359 0.679773 0.071469 0.183398
 0.000546 0.979889 0.019019 0.000546

MOTIF 14-CRCCACG STREME-14
letter-probability matrix: alength= 4 w= 7 nsites= 191 E= 6.0e-001
 0.000636 0.933557 0.065172 0.000636
 0.353674 0.000424 0.603989 0.041913
 0.042674 0.956266 0.000424 0.000636
 0.268430 0.554962 0.098834 0.077774
 0.847122 0.151818 0.000424 0.000636
 0.000636 0.998304 0.000424 0.000636
 0.041298 0.124266 0.813805 0.020631

MOTIF 15-GCCGCGCC STREME-15
letter-probability matrix: alength= 4 w= 8 nsites= 35 E= 8.3e+000
 0.092705 0.000803 0.905288 0.001204
 0.001204 0.677134 0.000803 0.320860
 0.089883 0.908111 0.000803 0.001204
 0.092098 0.000803 0.876891 0.030208
 0.117222 0.880772 0.000803 0.001204
 0.176444 0.000803 0.788519 0.034234
 0.059213 0.851160 0.000803 0.088824
 0.153133 0.757847 0.087816 0.001204

MOTIF 16-GATCACGGC STREME-16
letter-probability matrix: alength= 4 w= 9 nsites= 24 E= 1.3e+001
 0.002422 0.001615 0.993541 0.002422
 0.936000 0.001615 0.001615 0.060771
 0.002422 0.001615 0.118312 0.877651
 0.002422 0.935193 0.001615 0.060771
 0.819303 0.001615 0.001615 0.177468
 0.002422 0.993541 0.001615 0.002422
 0.002422 0.001615 0.993541 0.002422
 0.002422 0.001615 0.876844 0.119119
 0.002422 0.818495 0.118312 0.060771

MOTIF 17-AGCAGATCSWG STREME-17
letter-probability matrix: alength= 4 w= 11 nsites= 19 E= 1.7e+001
 0.927545 0.067885 0.001828 0.002742
 0.002742 0.200000 0.794516 0.002742
 0.002742 0.992688 0.001828 0.002742
 0.993602 0.001828 0.001828 0.002742
 0.002742 0.001828 0.992688 0.002742
 0.861487 0.001828 0.001828 0.134857
 0.002742 0.001828 0.001828 0.993602
 0.002742 0.992688 0.001828 0.002742
 0.002742 0.662401 0.332115 0.002742
 0.399086 0.001828 0.001828 0.597258
 0.002742 0.266057 0.728459 0.002742

********************************************************************************
Stopped because 3 consecutive motifs exceeded the p-value threshold (0.05).
********************************************************************************
COMMAND:	streme --verbosity 1 --oc streme_outputs/Mycobacterium_tuberculosis_33_200_Bacillus_subtilis_33_200 --dna --p opt_files/Mycobacterium_tuberculosis/Mycobacterium_tuberculosis_33_200.fasta --n deopt_files/Bacillus_subtilis/Bacillus_subtilis_33_200.fasta --order 2 --minw 6 --maxw 20 --pvt 0.05
********************************************************************************
CPU:		student-VirtualBox
********************************************************************************
FINALTIME:	182.23 seconds
********************************************************************************
