********************************************************************************
STREME - Sensitive, Thorough, Rapid, Enriched Motif Elicitation
********************************************************************************
MEME version 5.3.3 (Release date: Sun Feb 7 15:39:52 2021 -0800)

For further information on how to interpret these results please access https://meme-suite.org/meme.
To get a copy of the MEME Suite software please access https://meme-suite.org.

********************************************************************************


********************************************************************************
REFERENCE
********************************************************************************
If you use this program in your research, please cite:

Timothy L. Bailey,
"STREME: Accurate and versatile sequence motif discovery",
bioRxiv, (preprint), Nov. 23, 2020.
********************************************************************************


ALPHABET= ACGT

strands: + -

Background letter frequencies
A 0.266 C 0.234 G 0.234 T 0.266 

MOTIF 1-CCTCCTTTTTTTDTWWNW STREME-1
letter-probability matrix: alength= 4 w= 18 nsites= 790 P= 4.2e-016
 0.062685 0.669667 0.037880 0.229769
 0.027440 0.858942 0.001330 0.112288
 0.003944 0.083567 0.020910 0.891579
 0.013081 0.826308 0.016994 0.143616
 0.013081 0.896797 0.000025 0.090097
 0.020914 0.060071 0.015689 0.903327
 0.056158 0.097926 0.030048 0.815869
 0.074433 0.143613 0.036574 0.745380
 0.133173 0.129254 0.047017 0.690556
 0.130563 0.191910 0.071819 0.605708
 0.144921 0.228460 0.044406 0.582212
 0.139700 0.163193 0.048322 0.648785
 0.275456 0.107063 0.232376 0.385105
 0.211494 0.207575 0.078345 0.502586
 0.396853 0.133170 0.155361 0.314616
 0.443845 0.152750 0.096620 0.306784
 0.295036 0.241514 0.157971 0.305479
 0.471258 0.120116 0.073124 0.335502

MOTIF 2-KCTTGRAA STREME-2
letter-probability matrix: alength= 4 w= 8 nsites= 772 P= 3.2e-010
 0.200519 0.000068 0.502680 0.296733
 0.000078 0.999777 0.000068 0.000078
 0.000078 0.000068 0.000068 0.999786
 0.264613 0.000068 0.000068 0.735251
 0.000078 0.000068 0.999777 0.000078
 0.519837 0.000068 0.443599 0.036496
 0.880634 0.006019 0.033904 0.079443
 0.548912 0.049834 0.207656 0.193598

MOTIF 3-TTWGRARR STREME-3
letter-probability matrix: alength= 4 w= 8 nsites= 766 P= 6.4e-010
 0.323315 0.000086 0.000086 0.676513
 0.000097 0.000086 0.000086 0.999731
 0.577366 0.000086 0.000086 0.422462
 0.000097 0.000086 0.999719 0.000097
 0.501249 0.000086 0.498568 0.000097
 0.999731 0.000086 0.000086 0.000097
 0.661874 0.000086 0.337943 0.000097
 0.593784 0.000086 0.406033 0.000097

MOTIF 4-TTCTTTTRWAAWWW STREME-4
letter-probability matrix: alength= 4 w= 14 nsites= 693 P= 1.4e-008
 0.007110 0.035425 0.007106 0.950359
 0.035429 0.069407 0.056664 0.838500
 0.026320 0.886554 0.059390 0.027736
 0.034202 0.039673 0.000027 0.926098
 0.017022 0.008522 0.000027 0.974429
 0.025517 0.154553 0.014186 0.805744
 0.080739 0.001443 0.000027 0.917792
 0.308787 0.174376 0.373012 0.143825
 0.435608 0.198853 0.077290 0.288250
 0.656052 0.164681 0.034009 0.145258
 0.591956 0.051803 0.114717 0.241524
 0.482126 0.130292 0.091449 0.296132
 0.340127 0.135343 0.084983 0.439547
 0.264999 0.052209 0.170635 0.512156

MOTIF 5-RARVAGCTT STREME-5
letter-probability matrix: alength= 4 w= 9 nsites= 510 P= 5.6e-008
 0.614289 0.000089 0.379938 0.005684
 0.808862 0.000089 0.190947 0.000101
 0.617191 0.063144 0.319564 0.000101
 0.363869 0.290432 0.322448 0.023252
 0.911427 0.088382 0.000089 0.000101
 0.000101 0.000089 0.999708 0.000101
 0.000101 0.999708 0.000089 0.000101
 0.000101 0.000089 0.000089 0.999720
 0.064802 0.180613 0.247345 0.507240

MOTIF 6-AATCGGA STREME-6
letter-probability matrix: alength= 4 w= 7 nsites= 574 P= 2.4e-007
 0.631495 0.000139 0.177191 0.191175
 0.880310 0.022467 0.000139 0.097084
 0.000158 0.000139 0.000139 0.999564
 0.227649 0.472735 0.086129 0.213488
 0.000158 0.000139 0.999546 0.000158
 0.000158 0.000139 0.999546 0.000158
 0.999564 0.000139 0.000139 0.000158

MOTIF 7-AAGCTT STREME-7
letter-probability matrix: alength= 4 w= 6 nsites= 91 P= 2.5e-006
 0.933264 0.021282 0.021282 0.024173
 0.933264 0.021282 0.021282 0.024173
 0.024173 0.021282 0.930373 0.024173
 0.024173 0.930373 0.021282 0.024173
 0.024173 0.021282 0.021282 0.933264
 0.024173 0.021282 0.021282 0.933264

MOTIF 8-CTTGGC STREME-8
letter-probability matrix: alength= 4 w= 6 nsites= 894 P= 2.8e-006
 0.000149 0.999571 0.000131 0.000149
 0.000149 0.000131 0.000131 0.999589
 0.137397 0.000131 0.000131 0.862341
 0.000149 0.000131 0.999571 0.000149
 0.172162 0.000131 0.591564 0.236143
 0.234738 0.589624 0.041737 0.133901

MOTIF 9-AAAAGAA STREME-9
letter-probability matrix: alength= 4 w= 7 nsites= 549 P= 2.8e-006
 0.715496 0.000364 0.212387 0.071753
 0.961566 0.037657 0.000364 0.000413
 0.901273 0.000364 0.000364 0.097999
 0.842694 0.000364 0.156529 0.000413
 0.000413 0.000364 0.998810 0.000413
 0.916893 0.000364 0.082330 0.000413
 0.842011 0.157212 0.000364 0.000413

MOTIF 10-ATTATATA STREME-10
letter-probability matrix: alength= 4 w= 8 nsites= 603 P= 3.0e-006
 0.968281 0.031409 0.000145 0.000165
 0.000165 0.029801 0.043304 0.926730
 0.110611 0.103353 0.054413 0.731622
 0.715189 0.053519 0.231127 0.000165
 0.000165 0.000145 0.009264 0.990426
 0.999545 0.000145 0.000145 0.000165
 0.000165 0.116061 0.064591 0.819182
 0.856139 0.051288 0.092408 0.000165

MOTIF 11-CATWTGAA STREME-11
letter-probability matrix: alength= 4 w= 8 nsites= 516 P= 1.3e-005
 0.034192 0.718899 0.069630 0.177279
 0.897739 0.000135 0.000135 0.101992
 0.146247 0.000135 0.000135 0.853483
 0.594951 0.000135 0.031448 0.373467
 0.000153 0.018540 0.028301 0.953006
 0.000153 0.000135 0.999560 0.000153
 0.945721 0.000135 0.000135 0.054010
 0.786578 0.029039 0.107900 0.076483

MOTIF 12-AAAAACAAAHAAAAAADRRD STREME-12
letter-probability matrix: alength= 4 w= 20 nsites= 386 P= 2.2e-005
 0.863630 0.002353 0.129350 0.004668
 0.946755 0.030061 0.023134 0.000050
 0.967537 0.004662 0.027752 0.000050
 0.930592 0.000044 0.000044 0.069321
 0.764341 0.000044 0.200930 0.034685
 0.000050 0.755099 0.244802 0.000050
 0.671980 0.023134 0.177840 0.127047
 0.609636 0.011589 0.237875 0.140901
 0.688143 0.000044 0.073933 0.237881
 0.348714 0.182458 0.170912 0.297916
 0.461857 0.203239 0.205548 0.129356
 0.641962 0.030061 0.304837 0.023140
 0.644271 0.071624 0.140895 0.143210
 0.602709 0.094714 0.277128 0.025449
 0.503420 0.187076 0.219402 0.090102
 0.635035 0.094714 0.115496 0.154755
 0.369496 0.136277 0.300219 0.194009
 0.459548 0.120114 0.233257 0.187082
 0.415676 0.120114 0.272510 0.191700
 0.346405 0.124732 0.284055 0.244808

MOTIF 13-TATGATAGAA STREME-13
letter-probability matrix: alength= 4 w= 10 nsites= 431 P= 2.4e-005
 0.043402 0.037371 0.061586 0.857641
 0.835678 0.018955 0.046304 0.099063
 0.051012 0.056647 0.034697 0.857644
 0.055337 0.007408 0.911612 0.025643
 0.837895 0.016290 0.055810 0.090005
 0.080902 0.094998 0.138469 0.685631
 0.737785 0.055730 0.165920 0.040566
 0.110600 0.108097 0.747798 0.033506
 0.755613 0.087643 0.050946 0.105798
 0.826116 0.035876 0.054838 0.083170

MOTIF 14-AAAAAAGAA STREME-14
letter-probability matrix: alength= 4 w= 9 nsites= 506 P= 4.6e-005
 0.895357 0.035596 0.049122 0.019924
 0.895608 0.050202 0.031402 0.022788
 0.818982 0.025181 0.106879 0.048958
 0.840910 0.082038 0.070270 0.006782
 0.766904 0.012834 0.040831 0.179431
 0.962907 0.007155 0.013840 0.016099
 0.000548 0.025201 0.965898 0.008353
 0.854461 0.038526 0.028815 0.078198
 0.842108 0.070053 0.062357 0.025483

MOTIF 15-RAAWCAAAT STREME-15
letter-probability matrix: alength= 4 w= 9 nsites= 467 P= 6.1e-005
 0.496344 0.082998 0.297807 0.122851
 0.947682 0.000166 0.051962 0.000189
 0.886324 0.000166 0.113320 0.000189
 0.511485 0.015648 0.159858 0.313008
 0.000189 0.999456 0.000166 0.000189
 0.999478 0.000166 0.000166 0.000189
 0.992141 0.007504 0.000166 0.000189
 0.711530 0.000166 0.288115 0.000189
 0.224478 0.000166 0.189844 0.585512

MOTIF 16-CCCWAG STREME-16
letter-probability matrix: alength= 4 w= 6 nsites= 128 P= 4.4e-004
 0.001178 0.996607 0.001037 0.001178
 0.001178 0.996607 0.001037 0.001178
 0.001178 0.996607 0.001037 0.001178
 0.488922 0.001037 0.001037 0.509004
 0.996748 0.001037 0.001037 0.001178
 0.001178 0.001037 0.996607 0.001178

MOTIF 17-TTTTAARAA STREME-17
letter-probability matrix: alength= 4 w= 9 nsites= 478 P= 8.6e-004
 0.000208 0.021940 0.000183 0.977669
 0.012894 0.000183 0.000183 0.986740
 0.200092 0.094264 0.000183 0.705461
 0.000208 0.223152 0.000183 0.776458
 0.999427 0.000183 0.000183 0.000208
 0.845307 0.094745 0.000183 0.059765
 0.635026 0.000183 0.364584 0.000208
 0.621000 0.000183 0.196314 0.182503
 0.848907 0.000183 0.150703 0.000208

MOTIF 18-ATGAAGGAAA STREME-18
letter-probability matrix: alength= 4 w= 10 nsites= 540 P= 1.6e-003
 0.805648 0.033432 0.099531 0.061389
 0.128932 0.061315 0.075723 0.734030
 0.063625 0.010659 0.925623 0.000093
 0.687671 0.000082 0.286614 0.025633
 0.968041 0.008464 0.008968 0.014528
 0.010430 0.049252 0.880576 0.059742
 0.085338 0.005481 0.898377 0.010804
 0.830229 0.056741 0.099770 0.013261
 0.758677 0.070450 0.106604 0.064269
 0.547495 0.160802 0.172299 0.119404

MOTIF 19-AAAATAAAAAAAVCC STREME-19
letter-probability matrix: alength= 4 w= 15 nsites= 44 P= 2.0e-003
 0.923673 0.000471 0.025421 0.050435
 0.798925 0.000471 0.150169 0.050435
 0.873774 0.000471 0.000471 0.125284
 0.973573 0.025421 0.000471 0.000535
 0.000535 0.000471 0.000471 0.998522
 0.973573 0.000471 0.025421 0.000535
 0.973573 0.025421 0.000471 0.000535
 0.973573 0.025421 0.000471 0.000535
 0.973573 0.025421 0.000471 0.000535
 0.923673 0.025421 0.000471 0.050435
 0.798925 0.025421 0.025421 0.150233
 0.823875 0.050371 0.025421 0.100334
 0.374780 0.274918 0.200069 0.150233
 0.000535 0.748962 0.050371 0.200133
 0.075384 0.599263 0.075320 0.250032

MOTIF 20-AAAGGA STREME-20
letter-probability matrix: alength= 4 w= 6 nsites= 421 P= 2.3e-003
 0.933264 0.021282 0.021282 0.024173
 0.933264 0.021282 0.021282 0.024173
 0.933264 0.021282 0.021282 0.024173
 0.024173 0.021282 0.930373 0.024173
 0.024173 0.021282 0.930373 0.024173
 0.933264 0.021282 0.021282 0.024173

MOTIF 21-TGTCAAA STREME-21
letter-probability matrix: alength= 4 w= 7 nsites= 370 P= 2.5e-003
 0.000547 0.000482 0.000482 0.998490
 0.000547 0.000482 0.998424 0.000547
 0.000547 0.000482 0.000482 0.998490
 0.000547 0.998424 0.000482 0.000547
 0.908369 0.038261 0.009672 0.043699
 0.695415 0.171712 0.000482 0.132391
 0.712400 0.009752 0.000482 0.277366

MOTIF 22-GAAAAAA STREME-22
letter-probability matrix: alength= 4 w= 7 nsites= 431 P= 2.8e-003
 0.024173 0.021282 0.930373 0.024173
 0.933264 0.021282 0.021282 0.024173
 0.933264 0.021282 0.021282 0.024173
 0.933264 0.021282 0.021282 0.024173
 0.933264 0.021282 0.021282 0.024173
 0.933264 0.021282 0.021282 0.024173
 0.933264 0.021282 0.021282 0.024173

MOTIF 23-GCCGGC STREME-23
letter-probability matrix: alength= 4 w= 6 nsites= 120 P= 3.3e-003
 0.024173 0.021282 0.930373 0.024173
 0.024173 0.930373 0.021282 0.024173
 0.024173 0.930373 0.021282 0.024173
 0.024173 0.021282 0.930373 0.024173
 0.024173 0.021282 0.930373 0.024173
 0.024173 0.930373 0.021282 0.024173

MOTIF 24-AGCTGA STREME-24
letter-probability matrix: alength= 4 w= 6 nsites= 360 P= 4.3e-003
 0.933264 0.021282 0.021282 0.024173
 0.024173 0.021282 0.930373 0.024173
 0.024173 0.930373 0.021282 0.024173
 0.024173 0.021282 0.021282 0.933264
 0.024173 0.021282 0.930373 0.024173
 0.933264 0.021282 0.021282 0.024173

MOTIF 25-TCTAAAAT STREME-25
letter-probability matrix: alength= 4 w= 8 nsites= 677 P= 5.3e-003
 0.000147 0.143952 0.000130 0.855771
 0.000147 0.709881 0.113636 0.176335
 0.000147 0.153225 0.000130 0.846498
 0.909364 0.090359 0.000130 0.000147
 0.965584 0.000130 0.034139 0.000147
 0.885495 0.009947 0.004061 0.100496
 0.825983 0.029858 0.000597 0.143562
 0.250524 0.064740 0.106770 0.577966

MOTIF 26-TTTSAAA STREME-26
letter-probability matrix: alength= 4 w= 7 nsites= 552 P= 7.2e-003
 0.304973 0.054824 0.000375 0.639828
 0.000426 0.000375 0.000375 0.998824
 0.000426 0.144897 0.000375 0.854302
 0.000426 0.499574 0.499574 0.000426
 0.854302 0.000375 0.144897 0.000426
 0.998824 0.000375 0.000375 0.000426
 0.639828 0.000375 0.054824 0.304973

MOTIF 27-CGGCCG STREME-27
letter-probability matrix: alength= 4 w= 6 nsites= 74 P= 7.7e-003
 0.024173 0.930373 0.021282 0.024173
 0.024173 0.021282 0.930373 0.024173
 0.024173 0.021282 0.930373 0.024173
 0.024173 0.930373 0.021282 0.024173
 0.024173 0.930373 0.021282 0.024173
 0.024173 0.021282 0.930373 0.024173

MOTIF 28-AAACGGA STREME-28
letter-probability matrix: alength= 4 w= 7 nsites= 156 P= 1.3e-002
 0.933264 0.021282 0.021282 0.024173
 0.933264 0.021282 0.021282 0.024173
 0.933264 0.021282 0.021282 0.024173
 0.024173 0.930373 0.021282 0.024173
 0.024173 0.021282 0.930373 0.024173
 0.024173 0.021282 0.930373 0.024173
 0.933264 0.021282 0.021282 0.024173

MOTIF 29-TAMAATAAA STREME-29
letter-probability matrix: alength= 4 w= 9 nsites= 386 P= 1.5e-002
 0.000164 0.000144 0.000144 0.999548
 0.999548 0.000144 0.000144 0.000164
 0.382012 0.315330 0.185871 0.116786
 0.858226 0.049652 0.000144 0.091977
 0.845922 0.066335 0.087580 0.000164
 0.000164 0.000144 0.024351 0.975341
 0.731068 0.101180 0.127022 0.040730
 0.595406 0.098905 0.151587 0.154102
 0.632913 0.000144 0.257417 0.109526

MOTIF 30-AAGCGCTT STREME-30
letter-probability matrix: alength= 4 w= 8 nsites= 41 P= 2.4e-002
 0.933264 0.021282 0.021282 0.024173
 0.933264 0.021282 0.021282 0.024173
 0.024173 0.021282 0.930373 0.024173
 0.024173 0.930373 0.021282 0.024173
 0.024173 0.021282 0.930373 0.024173
 0.024173 0.930373 0.021282 0.024173
 0.024173 0.021282 0.021282 0.933264
 0.024173 0.021282 0.021282 0.933264

MOTIF 31-TMTWAKA STREME-31
letter-probability matrix: alength= 4 w= 7 nsites= 80 P= 2.5e-002
 0.001557 0.001371 0.001371 0.995702
 0.351600 0.645472 0.001371 0.001557
 0.001557 0.001371 0.001371 0.995702
 0.498629 0.001371 0.001371 0.498629
 0.995702 0.001371 0.001371 0.001557
 0.001557 0.001371 0.645472 0.351600
 0.995702 0.001371 0.001371 0.001557

MOTIF 32-ATCAAG STREME-32
letter-probability matrix: alength= 4 w= 6 nsites= 500 P= 3.4e-002
 0.734237 0.264810 0.000446 0.000507
 0.000507 0.000446 0.000446 0.998600
 0.000507 0.998540 0.000446 0.000507
 0.893201 0.000446 0.000446 0.105906
 0.998600 0.000446 0.000446 0.000507
 0.000507 0.000446 0.998540 0.000507

MOTIF 33-TGAGCTCA STREME-33
letter-probability matrix: alength= 4 w= 8 nsites= 39 P= 3.9e-002
 0.220103 0.094864 0.035086 0.649947
 0.001378 0.001213 0.996031 0.001378
 0.996196 0.001213 0.001213 0.001378
 0.001378 0.001213 0.996031 0.001378
 0.001378 0.996031 0.001213 0.001378
 0.001378 0.001213 0.001213 0.996196
 0.001378 0.996031 0.001213 0.001378
 0.649947 0.035086 0.094864 0.220103

MOTIF 34-CAAATGAT STREME-34
letter-probability matrix: alength= 4 w= 8 nsites= 164 P= 4.9e-002
 0.000610 0.998243 0.000537 0.000610
 0.919108 0.013144 0.061365 0.006383
 0.927450 0.071403 0.000537 0.000610
 0.802915 0.000537 0.124531 0.072016
 0.068488 0.065520 0.000537 0.865455
 0.000610 0.000537 0.998243 0.000610
 0.778680 0.038910 0.152772 0.029638
 0.000610 0.090975 0.038634 0.869781

MOTIF 35-ATGAAAAGATGA STREME-35
letter-probability matrix: alength= 4 w= 12 nsites= 44 P= 5.0e-002
 0.861435 0.058227 0.057589 0.022749
 0.045020 0.089506 0.067234 0.798240
 0.000478 0.000421 0.985997 0.013104
 0.595775 0.022692 0.206146 0.175387
 0.865053 0.000421 0.089506 0.045020
 0.651986 0.111777 0.057589 0.178648
 0.865053 0.134048 0.000421 0.000478
 0.000478 0.000421 0.998624 0.000478
 0.807885 0.000421 0.168946 0.022749
 0.022749 0.044963 0.089506 0.842782
 0.029133 0.022692 0.942413 0.005762
 0.887325 0.022692 0.000421 0.089563

MOTIF 36-VTRTAYAB STREME-36
letter-probability matrix: alength= 4 w= 8 nsites= 467 P= 7.9e-002
 0.456658 0.251906 0.291183 0.000254
 0.000254 0.331719 0.000223 0.667804
 0.627318 0.000223 0.372205 0.000254
 0.000254 0.000223 0.000223 0.999300
 0.999300 0.000223 0.000223 0.000254
 0.000254 0.372205 0.000223 0.627318
 0.667804 0.000223 0.331719 0.000254
 0.000254 0.291183 0.251906 0.456658

MOTIF 37-GGCGCC STREME-37
letter-probability matrix: alength= 4 w= 6 nsites= 64 P= 1.5e-001
 0.024173 0.021282 0.930373 0.024173
 0.024173 0.021282 0.930373 0.024173
 0.024173 0.930373 0.021282 0.024173
 0.024173 0.021282 0.930373 0.024173
 0.024173 0.930373 0.021282 0.024173
 0.024173 0.930373 0.021282 0.024173

MOTIF 38-AVAGAGGTGAASA STREME-38
letter-probability matrix: alength= 4 w= 13 nsites= 23 P= 2.0e-001
 0.952029 0.000855 0.000855 0.046260
 0.453856 0.227298 0.317875 0.000972
 0.906741 0.000855 0.091432 0.000972
 0.000972 0.000855 0.997201 0.000972
 0.906741 0.000855 0.000855 0.091548
 0.000972 0.000855 0.997201 0.000972
 0.000972 0.000855 0.861336 0.136837
 0.000972 0.000855 0.000855 0.997318
 0.000972 0.000855 0.997201 0.000972
 0.725587 0.182009 0.000855 0.091548
 0.635010 0.000855 0.091432 0.272702
 0.182125 0.499028 0.317875 0.000972
 0.952029 0.000855 0.000855 0.046260

********************************************************************************
Stopped because 3 consecutive motifs exceeded the p-value threshold (0.05).
********************************************************************************
COMMAND:	streme --verbosity 1 --oc bacillus_100_200_bacillus_inter --dna --p bacillus/bacillus_100_200.fasta --n bacillus/bacillus_inter.fasta --kmer 3 --minw 6 --maxw 20 --pvt 0.05
********************************************************************************
CPU:		student-VirtualBox
********************************************************************************
FINALTIME:	1068.15 seconds
********************************************************************************
