********************************************************************************
STREME - Sensitive, Thorough, Rapid, Enriched Motif Elicitation
********************************************************************************
MEME version 5.4.1 (Release date: Sat Aug 21 19:23:23 2021 -0700)

For further information on how to interpret these results please access https://meme-suite.org/meme.
To get a copy of the MEME Suite software please access https://meme-suite.org.

********************************************************************************


********************************************************************************
REFERENCE
********************************************************************************
If you use this program in your research, please cite:

Timothy L. Bailey,
"STREME: accurate and versatile sequence motif discovery",
Bioinformatics, Mar. 24, 2021.
********************************************************************************


ALPHABET= ACGT

strands: + -

Background letter frequencies
A 0.332 C 0.168 G 0.168 T 0.332 

MOTIF 1-CCTGCGCGGC STREME-1
letter-probability matrix: alength= 4 w= 10 nsites= 1076 E= 5.6e-017
 0.083127 0.724187 0.108356 0.084330
 0.084330 0.781953 0.078270 0.055447
 0.196253 0.089101 0.146044 0.568603
 0.030174 0.037732 0.873036 0.059057
 0.045095 0.848869 0.043369 0.062668
 0.060261 0.078270 0.810358 0.051112
 0.039802 0.840923 0.037352 0.081923
 0.083127 0.137239 0.697711 0.081923
 0.107196 0.111967 0.674366 0.106471
 0.063871 0.746672 0.054581 0.134876

MOTIF 2-VVKCWGGYYGNYRNCSNBSN STREME-2
letter-probability matrix: alength= 4 w= 20 nsites= 868 E= 1.5e-015
 0.243437 0.472940 0.252173 0.031450
 0.393960 0.201998 0.270988 0.133053
 0.166921 0.000046 0.531895 0.301138
 0.000091 0.999772 0.000046 0.000091
 0.540721 0.091614 0.035168 0.332497
 0.000091 0.174402 0.751408 0.074098
 0.148106 0.170639 0.681164 0.000091
 0.077862 0.461651 0.218305 0.242183
 0.008872 0.509317 0.184437 0.297375
 0.220859 0.144298 0.572035 0.062809
 0.303646 0.176911 0.225831 0.293612
 0.143088 0.407713 0.148061 0.301138
 0.302392 0.200744 0.435309 0.061555
 0.307409 0.239629 0.268479 0.184482
 0.054029 0.529386 0.238375 0.178210
 0.214587 0.252173 0.439072 0.094168
 0.294866 0.193218 0.307364 0.204552
 0.037722 0.465414 0.253427 0.243437
 0.165667 0.282277 0.518097 0.033959
 0.234657 0.267225 0.233357 0.264761

MOTIF 3-YGGCGAHRAMVVBSV STREME-3
letter-probability matrix: alength= 4 w= 15 nsites= 845 E= 8.0e-012
 0.043677 0.581122 0.068721 0.306480
 0.154609 0.097775 0.714505 0.033112
 0.157250 0.157203 0.668283 0.017264
 0.000096 0.978629 0.002690 0.018585
 0.254976 0.000049 0.744879 0.000096
 0.513818 0.067400 0.250967 0.167815
 0.377794 0.295868 0.080607 0.245732
 0.487405 0.187577 0.264173 0.060845
 0.488726 0.120225 0.184936 0.206113
 0.355343 0.299830 0.171729 0.173097
 0.254976 0.248326 0.401518 0.095181
 0.200831 0.394915 0.236440 0.167815
 0.085936 0.397556 0.311715 0.204792
 0.014623 0.346052 0.553389 0.085936
 0.318366 0.228516 0.316998 0.136120

MOTIF 4-WCRVYCAGSMBG STREME-4
letter-probability matrix: alength= 4 w= 12 nsites= 636 E= 2.4e-005
 0.264041 0.137444 0.169981 0.428533
 0.000131 0.791796 0.001874 0.206198
 0.376113 0.000067 0.587537 0.036283
 0.289348 0.309167 0.256746 0.144740
 0.123048 0.428468 0.059717 0.388766
 0.061590 0.938212 0.000067 0.000131
 0.911163 0.000067 0.000067 0.088704
 0.000131 0.206133 0.627305 0.166431
 0.067013 0.363395 0.544155 0.025438
 0.305616 0.433891 0.159136 0.101357
 0.164623 0.200710 0.262169 0.372497
 0.159200 0.168174 0.513426 0.159200

MOTIF 5-SCGKNMCGS STREME-5
letter-probability matrix: alength= 4 w= 9 nsites= 634 E= 1.3e-004
 0.100886 0.250072 0.499291 0.149751
 0.000110 0.920785 0.074457 0.004648
 0.199611 0.170121 0.628645 0.001623
 0.153307 0.165776 0.269167 0.411750
 0.180097 0.319903 0.319903 0.180097
 0.411750 0.269167 0.165776 0.153307
 0.001623 0.628645 0.170121 0.199611
 0.004648 0.074457 0.920785 0.000110
 0.149751 0.499291 0.250072 0.100886

MOTIF 6-CWGGCCR STREME-6
letter-probability matrix: alength= 4 w= 7 nsites= 419 E= 3.8e-003
 0.239991 0.759558 0.000152 0.000299
 0.543464 0.018581 0.000152 0.437803
 0.000299 0.000152 0.993584 0.005965
 0.226555 0.000152 0.772994 0.000299
 0.000299 0.958992 0.032171 0.008537
 0.155558 0.576931 0.267211 0.000299
 0.504695 0.000152 0.374479 0.120675

MOTIF 7-CGCGCCW STREME-7
letter-probability matrix: alength= 4 w= 7 nsites= 694 E= 2.9e-002
 0.134067 0.699002 0.000090 0.166841
 0.003855 0.026263 0.965307 0.004576
 0.028662 0.629107 0.150126 0.192105
 0.074571 0.041405 0.883846 0.000177
 0.110320 0.640216 0.219266 0.030198
 0.188400 0.540640 0.115997 0.154963
 0.375313 0.037950 0.002529 0.584208

MOTIF 8-ACGGTTG STREME-8
letter-probability matrix: alength= 4 w= 7 nsites= 255 E= 7.1e-002
 0.743785 0.049739 0.085699 0.120776
 0.000437 0.998905 0.000221 0.000437
 0.000437 0.168737 0.830389 0.000437
 0.014715 0.134370 0.824869 0.026046
 0.098295 0.205113 0.117166 0.579425
 0.012657 0.060866 0.015705 0.910773
 0.023900 0.046144 0.835536 0.094420

MOTIF 9-CCCTGA STREME-9
letter-probability matrix: alength= 4 w= 6 nsites= 88 E= 2.2e-001
 0.030173 0.924373 0.015282 0.030173
 0.030173 0.924373 0.015282 0.030173
 0.030173 0.924373 0.015282 0.030173
 0.030173 0.015282 0.015282 0.939264
 0.030173 0.015282 0.924373 0.030173
 0.939264 0.015282 0.015282 0.030173

MOTIF 10-CASSSTG STREME-10
letter-probability matrix: alength= 4 w= 7 nsites= 244 E= 3.6e-001
 0.000550 0.998623 0.000278 0.000550
 0.712446 0.000278 0.132022 0.155254
 0.183877 0.263008 0.458452 0.094664
 0.000550 0.499450 0.499450 0.000550
 0.094664 0.458452 0.263008 0.183877
 0.155254 0.132022 0.000278 0.712446
 0.000550 0.000278 0.998623 0.000550

MOTIF 11-CAGGCA STREME-11
letter-probability matrix: alength= 4 w= 6 nsites= 162 E= 4.7e-001
 0.001594 0.996005 0.000807 0.001594
 0.610688 0.116003 0.000807 0.272502
 0.001594 0.141749 0.855063 0.001594
 0.001594 0.000807 0.996005 0.001594
 0.001594 0.996005 0.000807 0.001594
 0.865208 0.000807 0.132391 0.001594

MOTIF 12-CAAMACG STREME-12
letter-probability matrix: alength= 4 w= 7 nsites= 241 E= 6.2e-001
 0.274636 0.724308 0.000355 0.000701
 0.998590 0.000355 0.000355 0.000701
 0.633951 0.103509 0.217119 0.045421
 0.547952 0.450993 0.000355 0.000701
 0.580452 0.245938 0.000355 0.173255
 0.000701 0.998244 0.000355 0.000701
 0.000701 0.000355 0.998244 0.000701

MOTIF 13-CACAGG STREME-13
letter-probability matrix: alength= 4 w= 6 nsites= 201 E= 6.6e-001
 0.002214 0.994451 0.001121 0.002214
 0.774365 0.001121 0.222300 0.002214
 0.002214 0.994451 0.001121 0.002214
 0.661533 0.128541 0.071882 0.138044
 0.002214 0.188696 0.806876 0.002214
 0.002214 0.001121 0.994451 0.002214

MOTIF 14-AAACAGCAS STREME-14
letter-probability matrix: alength= 4 w= 9 nsites= 116 E= 8.4e-001
 0.730482 0.258556 0.000446 0.010516
 0.814827 0.073107 0.097327 0.014739
 0.779947 0.218727 0.000446 0.000880
 0.000880 0.997794 0.000446 0.000880
 0.824859 0.036776 0.073107 0.065258
 0.000880 0.000446 0.846008 0.152666
 0.000880 0.993966 0.000446 0.004708
 0.819108 0.000446 0.000446 0.180000
 0.000880 0.315309 0.556264 0.127546

MOTIF 15-YGATCR STREME-15
letter-probability matrix: alength= 4 w= 6 nsites= 283 E= 8.9e-001
 0.014518 0.571635 0.081802 0.332045
 0.000749 0.000379 0.998123 0.000749
 0.586983 0.078111 0.182788 0.152118
 0.152118 0.182788 0.078111 0.586983
 0.000749 0.998123 0.000379 0.000749
 0.332045 0.081802 0.571635 0.014518

MOTIF 16-AKCGMT STREME-16
letter-probability matrix: alength= 4 w= 6 nsites= 489 E= 9.0e-001
 0.683439 0.042693 0.159068 0.114800
 0.040859 0.127323 0.503161 0.328656
 0.001223 0.996934 0.000619 0.001223
 0.001223 0.000619 0.996934 0.001223
 0.328656 0.503161 0.127323 0.040859
 0.114800 0.159068 0.042693 0.683439

MOTIF 17-CATTDCGG STREME-17
letter-probability matrix: alength= 4 w= 8 nsites= 115 E= 9.9e-001
 0.000591 0.998518 0.000299 0.000591
 0.813600 0.000299 0.071248 0.114853
 0.147342 0.024709 0.192177 0.635772
 0.211429 0.019810 0.084236 0.684525
 0.378517 0.016573 0.257350 0.347561
 0.000591 0.998518 0.000299 0.000591
 0.000591 0.138635 0.860182 0.000591
 0.227083 0.080002 0.655111 0.037804

MOTIF 18-CGGCAG STREME-18
letter-probability matrix: alength= 4 w= 6 nsites= 141 E= 1.1e+001
 0.001483 0.996284 0.000751 0.001483
 0.001483 0.000751 0.996284 0.001483
 0.150770 0.000751 0.674264 0.174216
 0.001483 0.996284 0.000751 0.001483
 0.976614 0.000751 0.021152 0.001483
 0.196210 0.204765 0.557595 0.041430

MOTIF 19-CRGTGAM STREME-19
letter-probability matrix: alength= 4 w= 7 nsites= 100 E= 1.7e+001
 0.001901 0.995235 0.000963 0.001901
 0.539838 0.069977 0.388284 0.001901
 0.001901 0.000963 0.995235 0.001901
 0.001901 0.000963 0.000963 0.996173
 0.001901 0.000963 0.995235 0.001901
 0.996173 0.000963 0.000963 0.001901
 0.521025 0.292996 0.000963 0.185016

MOTIF 20-CRGCTCA STREME-20
letter-probability matrix: alength= 4 w= 7 nsites= 80 E= 1.7e+001
 0.002602 0.993478 0.001318 0.002602
 0.600101 0.001318 0.395979 0.002602
 0.075037 0.001318 0.921043 0.002602
 0.002602 0.850266 0.144530 0.002602
 0.151036 0.001318 0.001318 0.846328
 0.002602 0.993478 0.001318 0.002602
 0.994762 0.001318 0.001318 0.002602

********************************************************************************
Stopped because 3 consecutive motifs exceeded the p-value threshold (0.05).
********************************************************************************
COMMAND:	streme --verbosity 1 --oc streme_outputs/Pantoea_ananatis_33_200_Sulfolobus_acidocaldarius_33_200 --dna --p opt_files/Pantoea_ananatis/Pantoea_ananatis_33_200.fasta --n deopt_files/Sulfolobus_acidocaldarius/Sulfolobus_acidocaldarius_33_200.fasta --order 2 --minw 6 --maxw 20 --pvt 0.05
********************************************************************************
CPU:		student-VirtualBox
********************************************************************************
FINALTIME:	126.15 seconds
********************************************************************************
