********************************************************************************
STREME - Sensitive, Thorough, Rapid, Enriched Motif Elicitation
********************************************************************************
MEME version 5.4.1 (Release date: Sat Aug 21 19:23:23 2021 -0700)

For further information on how to interpret these results please access https://meme-suite.org/meme.
To get a copy of the MEME Suite software please access https://meme-suite.org.

********************************************************************************


********************************************************************************
REFERENCE
********************************************************************************
If you use this program in your research, please cite:

Timothy L. Bailey,
"STREME: accurate and versatile sequence motif discovery",
Bioinformatics, Mar. 24, 2021.
********************************************************************************


ALPHABET= ACGT

strands: + -

Background letter frequencies
A 0.3 C 0.2 G 0.2 T 0.3 

MOTIF 1-KAGDAGAWAWWAWWWWARR STREME-1
letter-probability matrix: alength= 4 w= 19 nsites= 409 E= 5.3e-004
 0.104108 0.000048 0.395892 0.499952
 0.999833 0.000048 0.000048 0.000072
 0.066046 0.043185 0.867861 0.022909
 0.433978 0.012735 0.263944 0.289343
 0.817135 0.033035 0.106621 0.043209
 0.043209 0.010198 0.784124 0.162469
 0.690262 0.012735 0.073634 0.223369
 0.510102 0.017810 0.106621 0.365467
 0.591301 0.048260 0.142146 0.218294
 0.274118 0.005123 0.210657 0.510102
 0.489802 0.005123 0.185283 0.319792
 0.550701 0.060947 0.256332 0.132020
 0.329942 0.071097 0.195433 0.403529
 0.362929 0.038110 0.162446 0.436516
 0.441590 0.022885 0.218270 0.317255
 0.466965 0.002585 0.175133 0.355317
 0.672500 0.022885 0.187820 0.116795
 0.499952 0.000048 0.314693 0.185307
 0.324867 0.086322 0.454254 0.134557

MOTIF 2-TATAAGTTTAWBWWA STREME-2
letter-probability matrix: alength= 4 w= 15 nsites= 334 E= 1.9e-003
 0.229752 0.000064 0.000064 0.770121
 0.807271 0.168929 0.000064 0.023737
 0.047378 0.000064 0.168929 0.783630
 0.682311 0.000064 0.000064 0.317562
 0.682311 0.000064 0.317530 0.000095
 0.006850 0.195947 0.692411 0.104792
 0.152074 0.000064 0.000064 0.847799
 0.212866 0.128401 0.050723 0.608010
 0.165583 0.222966 0.016950 0.594501
 0.608010 0.195947 0.000064 0.195979
 0.310807 0.148665 0.040591 0.499936
 0.175715 0.358058 0.182438 0.283789
 0.459409 0.131778 0.037214 0.371599
 0.449277 0.000064 0.219588 0.331071
 0.486427 0.162174 0.118269 0.233129

MOTIF 3-AATTMYTA STREME-3
letter-probability matrix: alength= 4 w= 8 nsites= 212 E= 9.0e-003
 0.569837 0.139158 0.044779 0.246226
 0.800752 0.155357 0.012886 0.031005
 0.000316 0.232508 0.088092 0.679084
 0.097882 0.000211 0.000211 0.901696
 0.570828 0.428645 0.000211 0.000316
 0.027608 0.388737 0.000211 0.583445
 0.000316 0.000211 0.000211 0.999262
 0.999262 0.000211 0.000211 0.000316

MOTIF 4-AGTATAAAWGWADA STREME-4
letter-probability matrix: alength= 4 w= 14 nsites= 267 E= 1.8e-002
 0.762476 0.000073 0.237340 0.000110
 0.000110 0.128431 0.871349 0.000110
 0.039006 0.000073 0.003963 0.956958
 0.739139 0.151769 0.108983 0.000110
 0.186812 0.124541 0.140100 0.548547
 0.567995 0.070087 0.085645 0.276273
 0.595222 0.050638 0.147879 0.206260
 0.626339 0.031190 0.264568 0.077902
 0.299611 0.000073 0.140100 0.560216
 0.206260 0.000073 0.595186 0.198481
 0.373514 0.023411 0.190665 0.412410
 0.552437 0.019521 0.210113 0.217929
 0.221819 0.038970 0.326802 0.412410
 0.571885 0.000073 0.206223 0.221819

MOTIF 5-WAAATTAB STREME-5
letter-probability matrix: alength= 4 w= 8 nsites= 211 E= 2.6e-002
 0.570855 0.000185 0.000185 0.428776
 0.856920 0.051112 0.091692 0.000277
 0.639190 0.000185 0.133803 0.226823
 0.999354 0.000185 0.000185 0.000277
 0.000277 0.311042 0.000185 0.688497
 0.000277 0.000185 0.000185 0.999354
 0.999354 0.000185 0.000185 0.000277
 0.000277 0.340160 0.263225 0.396338

MOTIF 6-GCTAGAR STREME-6
letter-probability matrix: alength= 4 w= 7 nsites= 110 E= 9.8e-002
 0.000800 0.136093 0.843379 0.019727
 0.000800 0.683512 0.205171 0.110517
 0.000800 0.000534 0.000534 0.998132
 0.998132 0.000534 0.000534 0.000800
 0.000800 0.000534 0.797048 0.201618
 0.890619 0.057227 0.023046 0.029109
 0.469558 0.095313 0.419443 0.015685

MOTIF 7-TTAACTMTHTYATTANYT STREME-7
letter-probability matrix: alength= 4 w= 18 nsites= 370 E= 1.2e-001
 0.147888 0.228487 0.043051 0.580574
 0.067263 0.059175 0.000051 0.873511
 0.954135 0.008113 0.005426 0.032326
 0.612824 0.037676 0.185488 0.164013
 0.080701 0.765986 0.000051 0.153263
 0.091451 0.064550 0.000051 0.843948
 0.362887 0.537549 0.024238 0.075326
 0.067263 0.282237 0.053800 0.596699
 0.319887 0.271487 0.059175 0.349450
 0.110263 0.145175 0.080675 0.663886
 0.115638 0.384362 0.021551 0.478449
 0.553699 0.110238 0.069925 0.266138
 0.233888 0.145175 0.083363 0.537574
 0.236575 0.212362 0.000051 0.551012
 0.647761 0.086050 0.080675 0.185513
 0.276888 0.190863 0.185488 0.346762
 0.185513 0.440799 0.013488 0.360200
 0.204325 0.102175 0.034988 0.658511

MOTIF 8-TAAGGTWA STREME-8
letter-probability matrix: alength= 4 w= 8 nsites= 259 E= 2.1e-001
 0.000405 0.000270 0.000270 0.999054
 0.940400 0.000270 0.000270 0.059060
 0.642306 0.000270 0.247997 0.109428
 0.000405 0.000270 0.998919 0.000405
 0.157171 0.000270 0.704396 0.138163
 0.000405 0.072187 0.260725 0.666683
 0.509907 0.000270 0.076545 0.413278
 0.799406 0.000270 0.199918 0.000405

MOTIF 9-ATACCTGAGA STREME-9
letter-probability matrix: alength= 4 w= 10 nsites= 48 E= 2.5e-001
 0.811007 0.022412 0.022412 0.144170
 0.066613 0.044408 0.000415 0.888564
 0.910561 0.066405 0.022412 0.000622
 0.000622 0.883698 0.093062 0.022619
 0.022619 0.898788 0.044408 0.034185
 0.170826 0.000415 0.011981 0.816778
 0.000622 0.000415 0.998342 0.000622
 0.888564 0.022412 0.022412 0.066613
 0.154600 0.110399 0.667252 0.067748
 0.556340 0.044408 0.187956 0.211296

MOTIF 10-GAGCTA STREME-10
letter-probability matrix: alength= 4 w= 6 nsites= 200 E= 3.0e-001
 0.000750 0.000500 0.765902 0.232848
 0.818197 0.000500 0.000500 0.180804
 0.243412 0.213152 0.542687 0.000750
 0.000750 0.865873 0.000500 0.132878
 0.000750 0.000500 0.000500 0.998251
 0.998251 0.000500 0.000500 0.000750

MOTIF 11-AGATATATA STREME-11
letter-probability matrix: alength= 4 w= 9 nsites= 195 E= 4.2e-001
 0.966119 0.007143 0.026490 0.000248
 0.000248 0.000165 0.999338 0.000248
 0.570343 0.000165 0.198286 0.231206
 0.045261 0.070612 0.218972 0.665155
 0.921332 0.045195 0.000165 0.033308
 0.098532 0.006610 0.061544 0.833314
 0.759460 0.065759 0.117341 0.057440
 0.000248 0.017715 0.118913 0.863124
 0.767197 0.019593 0.040041 0.173168

MOTIF 12-AMCTAAAGRTR STREME-12
letter-probability matrix: alength= 4 w= 11 nsites= 113 E= 4.2e-001
 0.728705 0.017601 0.000164 0.253530
 0.314559 0.549670 0.026320 0.109451
 0.008965 0.929596 0.000164 0.061275
 0.026402 0.069911 0.000164 0.903523
 0.912444 0.034835 0.052475 0.000246
 0.637386 0.139659 0.161680 0.061275
 0.580942 0.000164 0.200687 0.218206
 0.017683 0.000164 0.981906 0.000246
 0.397406 0.000164 0.480126 0.122304
 0.166346 0.022185 0.113503 0.697965
 0.628218 0.017601 0.331913 0.022268

MOTIF 13-AGAKAYTA STREME-13
letter-probability matrix: alength= 4 w= 8 nsites= 185 E= 6.0e-001
 0.757536 0.133648 0.108518 0.000297
 0.000297 0.000198 0.927045 0.072459
 0.682397 0.045748 0.216650 0.055204
 0.000297 0.000198 0.461478 0.538027
 0.614198 0.109539 0.113858 0.162405
 0.000297 0.346197 0.013182 0.640324
 0.000297 0.000198 0.000198 0.999306
 0.999306 0.000198 0.000198 0.000297

MOTIF 14-AWTTAATATGR STREME-14
letter-probability matrix: alength= 4 w= 11 nsites= 27 E= 7.1e-001
 0.856447 0.047704 0.000883 0.094967
 0.619922 0.000883 0.047704 0.331492
 0.001324 0.047704 0.072323 0.878649
 0.001324 0.000883 0.000883 0.996911
 0.903268 0.000883 0.000883 0.094967
 0.950090 0.047704 0.000883 0.001324
 0.001324 0.000883 0.000883 0.996911
 0.950090 0.000883 0.047704 0.001324
 0.001324 0.141347 0.175885 0.681445
 0.104885 0.047704 0.846087 0.001324
 0.550898 0.000883 0.446896 0.001324

MOTIF 15-AHCTAGDT STREME-15
letter-probability matrix: alength= 4 w= 8 nsites= 341 E= 1.1e+000
 0.644834 0.000107 0.053590 0.301469
 0.364397 0.261777 0.077724 0.296101
 0.208951 0.700652 0.000107 0.090290
 0.000160 0.000107 0.000107 0.999626
 0.999626 0.000107 0.000107 0.000160
 0.090290 0.000107 0.700652 0.208951
 0.296101 0.077724 0.261777 0.364397
 0.301469 0.053590 0.000107 0.644834

MOTIF 16-AACTTTA STREME-16
letter-probability matrix: alength= 4 w= 7 nsites= 178 E= 4.8e+000
 0.938074 0.001339 0.021836 0.038751
 0.924640 0.037980 0.000609 0.036771
 0.000913 0.909021 0.089153 0.000913
 0.021218 0.144841 0.001318 0.832622
 0.007059 0.032760 0.095372 0.864808
 0.114552 0.048200 0.017389 0.819860
 0.861530 0.078691 0.058865 0.000913

MOTIF 17-SYMYCTA STREME-17
letter-probability matrix: alength= 4 w= 7 nsites= 140 E= 4.8e+000
 0.000600 0.594655 0.404145 0.000600
 0.224007 0.292239 0.000400 0.483354
 0.466985 0.532015 0.000400 0.000600
 0.035803 0.341733 0.000400 0.622064
 0.000600 0.998400 0.000400 0.000600
 0.000600 0.000400 0.000400 0.998600
 0.998600 0.000400 0.000400 0.000600

********************************************************************************
Stopped because 3 consecutive motifs exceeded the p-value threshold (0.05).
********************************************************************************
COMMAND:	streme --verbosity 1 --oc streme_outputs/Sulfolobus_acidocaldarius_33_200_Bacillus_subtilis_33_200 --dna --p opt_files/Sulfolobus_acidocaldarius/Sulfolobus_acidocaldarius_33_200.fasta --n deopt_files/Bacillus_subtilis/Bacillus_subtilis_33_200.fasta --order 2 --minw 6 --maxw 20 --pvt 0.05
********************************************************************************
CPU:		student-VirtualBox
********************************************************************************
FINALTIME:	132.66 seconds
********************************************************************************
