********************************************************************************
STREME - Sensitive, Thorough, Rapid, Enriched Motif Elicitation
********************************************************************************
MEME version 5.3.3 (Release date: Sun Feb 7 15:39:52 2021 -0800)

For further information on how to interpret these results please access https://meme-suite.org/meme.
To get a copy of the MEME Suite software please access https://meme-suite.org.

********************************************************************************


********************************************************************************
REFERENCE
********************************************************************************
If you use this program in your research, please cite:

Timothy L. Bailey,
"STREME: Accurate and versatile sequence motif discovery",
bioRxiv, (preprint), Nov. 23, 2020.
********************************************************************************


ALPHABET= ACGT

strands: + -

Background letter frequencies
A 0.265 C 0.235 G 0.235 T 0.265 

MOTIF 1-WCCTCCTWWWHTD STREME-1
letter-probability matrix: alength= 4 w= 13 nsites= 75 P= 1.3e-005
 0.405669 0.145009 0.043652 0.405669
 0.014720 0.984827 0.000213 0.000240
 0.014720 0.984827 0.000213 0.000240
 0.000240 0.000213 0.000213 0.999333
 0.072638 0.926908 0.000213 0.000240
 0.000240 0.999306 0.000213 0.000240
 0.000240 0.101571 0.000213 0.897976
 0.362230 0.101571 0.087091 0.449108
 0.362230 0.101571 0.145009 0.391190
 0.362230 0.087091 0.116050 0.434628
 0.304312 0.231887 0.116050 0.347751
 0.231914 0.116050 0.116050 0.535986
 0.217434 0.159489 0.289806 0.333271

MOTIF 2-CCTAGG STREME-2
letter-probability matrix: alength= 4 w= 6 nsites= 39 P= 6.7e-003
 0.175607 0.680538 0.055872 0.087982
 0.000805 0.997674 0.000715 0.000805
 0.000805 0.000715 0.000715 0.997764
 0.997764 0.000715 0.000715 0.000805
 0.000805 0.000715 0.997674 0.000805
 0.087982 0.055872 0.680538 0.175607

MOTIF 3-TCTTGAA STREME-3
letter-probability matrix: alength= 4 w= 7 nsites= 70 P= 1.6e-002
 0.141700 0.000675 0.000675 0.856950
 0.000759 0.997806 0.000675 0.000759
 0.000759 0.000675 0.000675 0.997891
 0.021051 0.059399 0.000675 0.918875
 0.000759 0.000675 0.997806 0.000759
 0.716734 0.105706 0.172098 0.005462
 0.818125 0.028819 0.038644 0.114411

MOTIF 4-ATATGA STREME-4
letter-probability matrix: alength= 4 w= 6 nsites= 55 P= 1.6e-002
 0.933164 0.021382 0.021382 0.024073
 0.024073 0.021382 0.021382 0.933164
 0.933164 0.021382 0.021382 0.024073
 0.024073 0.021382 0.021382 0.933164
 0.024073 0.021382 0.930473 0.024073
 0.933164 0.021382 0.021382 0.024073

MOTIF 5-TTCAAA STREME-5
letter-probability matrix: alength= 4 w= 6 nsites= 103 P= 2.0e-002
 0.001757 0.001561 0.001561 0.995122
 0.001757 0.001561 0.001561 0.995122
 0.001757 0.994925 0.001561 0.001757
 0.664602 0.001561 0.001561 0.332277
 0.995122 0.001561 0.001561 0.001757
 0.995122 0.001561 0.001561 0.001757

MOTIF 6-TTYTAAAAAA STREME-6
letter-probability matrix: alength= 4 w= 10 nsites= 54 P= 3.3e-002
 0.000404 0.000359 0.000359 0.998879
 0.137673 0.224859 0.000359 0.637109
 0.108535 0.326688 0.040113 0.524664
 0.000404 0.000359 0.000359 0.998879
 0.998879 0.000359 0.000359 0.000404
 0.875293 0.000359 0.123945 0.000404
 0.734272 0.000359 0.127820 0.137549
 0.797575 0.069136 0.059842 0.073447
 0.828445 0.024706 0.073402 0.073447
 0.998879 0.000359 0.000359 0.000404

MOTIF 7-AATCGGA STREME-7
letter-probability matrix: alength= 4 w= 7 nsites= 44 P= 3.3e-002
 0.912114 0.010526 0.016352 0.061008
 0.917522 0.020697 0.034848 0.026933
 0.000774 0.000687 0.000687 0.997852
 0.204491 0.637969 0.047099 0.110440
 0.000774 0.020636 0.977817 0.000774
 0.000774 0.000687 0.894991 0.103548
 0.875979 0.000687 0.020926 0.102408

MOTIF 8-AAAATAAAAGAA STREME-8
letter-probability matrix: alength= 4 w= 12 nsites= 42 P= 4.0e-002
 0.913352 0.000315 0.085977 0.000355
 0.806276 0.000315 0.000315 0.193094
 0.891937 0.043146 0.021731 0.043186
 0.792724 0.000315 0.099528 0.107432
 0.000355 0.107392 0.150223 0.742029
 0.891937 0.021731 0.021731 0.064601
 0.806276 0.064562 0.128808 0.000355
 0.934768 0.021731 0.000315 0.043186
 0.806276 0.064562 0.085977 0.043186
 0.214509 0.043146 0.720574 0.021771
 0.728478 0.043146 0.021731 0.206645
 0.891937 0.000315 0.107392 0.000355

MOTIF 9-CTTTTGAAA STREME-9
letter-probability matrix: alength= 4 w= 9 nsites= 20 P= 4.0e-002
 0.000897 0.997410 0.000796 0.000897
 0.000897 0.000796 0.000796 0.997511
 0.059066 0.000796 0.000796 0.939341
 0.126717 0.000796 0.024753 0.847734
 0.197312 0.000796 0.000796 0.801095
 0.000897 0.000796 0.997410 0.000897
 0.692959 0.000796 0.162999 0.143245
 0.920226 0.078081 0.000796 0.000897
 0.703216 0.000796 0.295091 0.000897

MOTIF 10-TATAWTATA STREME-10
letter-probability matrix: alength= 4 w= 9 nsites= 30 P= 4.0e-002
 0.000583 0.018083 0.000517 0.980817
 0.741257 0.233001 0.000517 0.025224
 0.102568 0.018083 0.035649 0.843699
 0.801768 0.053215 0.071406 0.073610
 0.453236 0.046764 0.046764 0.453236
 0.073610 0.071406 0.053215 0.801768
 0.843699 0.035649 0.018083 0.102568
 0.025224 0.000517 0.233001 0.741257
 0.980817 0.000517 0.018083 0.000583

MOTIF 11-AAAACAAATCAAASATW STREME-11
letter-probability matrix: alength= 4 w= 17 nsites= 14 P= 4.0e-002
 0.843367 0.001128 0.154236 0.001270
 0.919921 0.077682 0.001128 0.001270
 0.766812 0.077682 0.077682 0.077824
 0.996475 0.001128 0.001128 0.001270
 0.077824 0.766670 0.154236 0.001270
 0.766812 0.077682 0.001128 0.154378
 0.996475 0.001128 0.001128 0.001270
 0.843367 0.001128 0.154236 0.001270
 0.077824 0.230790 0.001128 0.690258
 0.077824 0.690116 0.154236 0.077824
 0.690258 0.077682 0.230790 0.001270
 0.766812 0.077682 0.077682 0.077824
 0.919921 0.001128 0.077682 0.001270
 0.154378 0.537008 0.307345 0.001270
 0.766812 0.077682 0.077682 0.077824
 0.001270 0.154236 0.154236 0.690258
 0.307487 0.077682 0.154236 0.460595

MOTIF 12-TGAACAARAAR STREME-12
letter-probability matrix: alength= 4 w= 11 nsites= 24 P= 4.0e-002
 0.191110 0.000605 0.000605 0.807679
 0.000682 0.000605 0.998031 0.000682
 0.792585 0.000605 0.000605 0.206205
 0.998107 0.000605 0.000605 0.000682
 0.000682 0.998031 0.000605 0.000682
 0.915898 0.000605 0.000605 0.082891
 0.833689 0.000605 0.041710 0.123995
 0.463748 0.082815 0.247233 0.206205
 0.725470 0.000605 0.191034 0.082891
 0.628166 0.082815 0.288338 0.000682
 0.545957 0.000605 0.452756 0.000682

MOTIF 13-CSTCCATT STREME-13
letter-probability matrix: alength= 4 w= 8 nsites= 41 P= 2.6e-001
 0.000617 0.854403 0.066171 0.078809
 0.000617 0.647486 0.326932 0.024965
 0.000617 0.000548 0.000548 0.998286
 0.000617 0.998217 0.000548 0.000617
 0.000617 0.945013 0.053753 0.000617
 0.780577 0.218258 0.000548 0.000617
 0.098613 0.000548 0.000548 0.900290
 0.168323 0.114360 0.037770 0.679548

MOTIF 14-AATGAAAAARC STREME-14
letter-probability matrix: alength= 4 w= 11 nsites= 28 P= 2.6e-001
 0.671910 0.326647 0.000679 0.000764
 0.933254 0.000679 0.000679 0.065389
 0.000764 0.000679 0.065304 0.933254
 0.000764 0.000679 0.997794 0.000764
 0.767540 0.000679 0.000679 0.231103
 0.905744 0.046746 0.000679 0.046832
 0.951811 0.046746 0.000679 0.000764
 0.997879 0.000679 0.000679 0.000764
 0.767540 0.231017 0.000679 0.000764
 0.479675 0.000679 0.426747 0.092899
 0.000764 0.804028 0.000679 0.194530

MOTIF 15-AAGAATCAT STREME-15
letter-probability matrix: alength= 4 w= 9 nsites= 28 P= 2.6e-001
 0.882096 0.000849 0.000849 0.116206
 0.939722 0.000849 0.000849 0.058581
 0.000956 0.058474 0.852330 0.088240
 0.997347 0.000849 0.000849 0.000956
 0.997347 0.000849 0.000849 0.000956
 0.000956 0.000849 0.000849 0.997347
 0.103309 0.606760 0.058474 0.231456
 0.939722 0.000849 0.000849 0.058581
 0.116206 0.058474 0.000849 0.824471

********************************************************************************
Stopped because 3 consecutive motifs exceeded the p-value threshold (0.05).
********************************************************************************
COMMAND:	streme --verbosity 1 --oc bacillus_50_200_ecoli_50_200 --dna --p bacillus/bacillus_50_200.fasta --n ecoli/ecoli_50_200.fasta --kmer 3 --minw 6 --maxw 20 --pvt 0.05
********************************************************************************
CPU:		student-VirtualBox
********************************************************************************
FINALTIME:	51.01 seconds
********************************************************************************
