********************************************************************************
STREME - Sensitive, Thorough, Rapid, Enriched Motif Elicitation
********************************************************************************
MEME version 5.4.1 (Release date: Sat Aug 21 19:23:23 2021 -0700)

For further information on how to interpret these results please access https://meme-suite.org/meme.
To get a copy of the MEME Suite software please access https://meme-suite.org.

********************************************************************************


********************************************************************************
REFERENCE
********************************************************************************
If you use this program in your research, please cite:

Timothy L. Bailey,
"STREME: accurate and versatile sequence motif discovery",
Bioinformatics, Mar. 24, 2021.
********************************************************************************


ALPHABET= ACGT

strands: + -

Background letter frequencies
A 0.3 C 0.2 G 0.2 T 0.3 

MOTIF 1-CGCCGCGCCGNCGSCS STREME-1
letter-probability matrix: alength= 4 w= 16 nsites= 310 E= 3.7e-018
 0.000065 0.678467 0.317831 0.003636
 0.221446 0.121446 0.657043 0.000065
 0.017919 0.742739 0.210712 0.028631
 0.000065 0.924842 0.075027 0.000065
 0.100044 0.082169 0.599913 0.217875
 0.017919 0.757021 0.146440 0.078620
 0.035772 0.053603 0.903418 0.007207
 0.157174 0.524929 0.175005 0.142891
 0.014348 0.724885 0.128587 0.132180
 0.000065 0.260701 0.739168 0.000065
 0.246440 0.249989 0.324973 0.178598
 0.125038 0.582059 0.157152 0.135750
 0.014348 0.282125 0.703461 0.000065
 0.135750 0.364250 0.399956 0.100044
 0.046484 0.664184 0.264272 0.025060
 0.007207 0.360679 0.632049 0.000065

MOTIF 2-CGGCSASMHCVNSGNCSVS STREME-2
letter-probability matrix: alength= 4 w= 19 nsites= 279 E= 1.6e-015
 0.000072 0.960291 0.035613 0.004024
 0.138379 0.134403 0.727145 0.000072
 0.209508 0.197629 0.466339 0.126524
 0.000072 0.897065 0.102790 0.000072
 0.011927 0.604645 0.351742 0.031685
 0.529589 0.083032 0.185774 0.201605
 0.000072 0.335936 0.624403 0.039589
 0.418944 0.249000 0.130452 0.201605
 0.256927 0.387307 0.158113 0.197653
 0.035637 0.727145 0.221339 0.015879
 0.288540 0.284565 0.304323 0.122573
 0.181847 0.296419 0.205532 0.316202
 0.011927 0.640210 0.343839 0.004024
 0.169992 0.237145 0.565129 0.027734
 0.280637 0.249000 0.296419 0.173944
 0.039589 0.596742 0.280613 0.083056
 0.122573 0.371500 0.474242 0.031685
 0.312250 0.363597 0.189726 0.134427
 0.004024 0.399161 0.588839 0.007976

MOTIF 3-CCCGHCGCSCRNSGSS STREME-3
letter-probability matrix: alength= 4 w= 16 nsites= 179 E= 1.6e-003
 0.098909 0.575448 0.232547 0.093097
 0.040790 0.732369 0.093061 0.133780
 0.011730 0.651002 0.209299 0.127968
 0.017542 0.064002 0.871854 0.046602
 0.430186 0.308101 0.046566 0.215146
 0.110532 0.819547 0.040754 0.029166
 0.098909 0.151180 0.749805 0.000107
 0.186087 0.598695 0.180240 0.034978
 0.098909 0.488270 0.354596 0.058225
 0.000107 0.680062 0.279042 0.040790
 0.238394 0.122121 0.470834 0.168651
 0.348820 0.180240 0.174428 0.296513
 0.075661 0.395279 0.372032 0.157028
 0.168651 0.203487 0.558012 0.069849
 0.081473 0.337161 0.412715 0.168651
 0.000107 0.639379 0.325537 0.034978

MOTIF 4-SSGCSAKSSGSBG STREME-4
letter-probability matrix: alength= 4 w= 13 nsites= 161 E= 4.6e-003
 0.006713 0.472321 0.520845 0.000121
 0.019897 0.336270 0.643712 0.000121
 0.184696 0.033040 0.775551 0.006713
 0.066040 0.768959 0.046224 0.118776
 0.024108 0.342862 0.632909 0.000121
 0.683304 0.059408 0.257167 0.000121
 0.112184 0.000081 0.380034 0.507702
 0.105592 0.399809 0.494477 0.000121
 0.204472 0.435150 0.347074 0.013305
 0.026489 0.230799 0.558016 0.184696
 0.079224 0.399809 0.428558 0.092408
 0.112184 0.230799 0.263759 0.393258
 0.125368 0.039632 0.689856 0.145144

MOTIF 5-CGCGCCCVG STREME-5
letter-probability matrix: alength= 4 w= 9 nsites= 138 E= 8.2e-002
 0.051319 0.634843 0.288700 0.025137
 0.082629 0.074918 0.772072 0.070381
 0.021231 0.861802 0.000086 0.116882
 0.197960 0.066171 0.655147 0.080723
 0.212748 0.635765 0.062631 0.088856
 0.000129 0.917156 0.032715 0.050000
 0.074961 0.896688 0.028221 0.000129
 0.261635 0.224583 0.414288 0.099494
 0.102510 0.110768 0.725828 0.060894

MOTIF 6-CCACCGDC STREME-6
letter-probability matrix: alength= 4 w= 8 nsites= 45 E= 1.0e-001
 0.052629 0.886236 0.032779 0.028357
 0.095205 0.846270 0.040388 0.018137
 0.926191 0.017968 0.033162 0.022680
 0.040556 0.863275 0.000337 0.095831
 0.000506 0.951631 0.040388 0.007475
 0.055020 0.080033 0.747827 0.117120
 0.316671 0.017968 0.408545 0.256815
 0.000506 0.834604 0.099991 0.064899

MOTIF 7-GGCCCGC STREME-7
letter-probability matrix: alength= 4 w= 7 nsites= 140 E= 1.1e-001
 0.000350 0.025588 0.973712 0.000350
 0.087851 0.000233 0.897419 0.014497
 0.071597 0.628085 0.000233 0.300084
 0.000350 0.934420 0.029701 0.035530
 0.181044 0.742217 0.076389 0.000350
 0.143115 0.048875 0.770302 0.037708
 0.011174 0.744987 0.243490 0.000350

MOTIF 8-TCGAGMGCGHG STREME-8
letter-probability matrix: alength= 4 w= 11 nsites= 29 E= 2.9e-001
 0.077446 0.000469 0.000469 0.921615
 0.000704 0.921380 0.038841 0.039075
 0.000704 0.000469 0.998123 0.000704
 0.959986 0.038841 0.000469 0.000704
 0.039075 0.230697 0.691153 0.039075
 0.269303 0.537667 0.038841 0.154189
 0.039075 0.077212 0.691153 0.192560
 0.192560 0.652781 0.115583 0.039075
 0.039075 0.153954 0.767895 0.039075
 0.269303 0.230697 0.038841 0.461159
 0.000704 0.077212 0.883009 0.039075

MOTIF 9-CCAGCGCCRKC STREME-9
letter-probability matrix: alength= 4 w= 11 nsites= 18 E= 4.4e-001
 0.118301 0.645457 0.235168 0.001075
 0.059688 0.762682 0.176555 0.001075
 0.880266 0.000717 0.000717 0.118301
 0.001075 0.000717 0.997133 0.001075
 0.001075 0.997133 0.000717 0.001075
 0.001075 0.117942 0.821295 0.059688
 0.001075 0.938520 0.000717 0.059688
 0.001075 0.997133 0.000717 0.001075
 0.469977 0.000717 0.411006 0.118301
 0.059688 0.000717 0.352393 0.587202
 0.001075 0.997133 0.000717 0.001075

MOTIF 10-SSGNCSS STREME-10
letter-probability matrix: alength= 4 w= 7 nsites= 102 E= 7.1e-001
 0.204399 0.435754 0.359372 0.000475
 0.000475 0.553311 0.445739 0.000475
 0.000475 0.000316 0.998734 0.000475
 0.306721 0.193279 0.193279 0.306721
 0.000475 0.998734 0.000316 0.000475
 0.000475 0.445739 0.553311 0.000475
 0.000475 0.359372 0.435754 0.204399

MOTIF 11-CCTGGAGC STREME-11
letter-probability matrix: alength= 4 w= 8 nsites= 22 E= 5.7e+000
 0.026342 0.971572 0.000835 0.001252
 0.154736 0.843178 0.000835 0.001252
 0.032048 0.044434 0.044434 0.879083
 0.001252 0.000835 0.996662 0.001252
 0.001252 0.000835 0.996662 0.001252
 0.928832 0.000835 0.069081 0.001252
 0.146913 0.000835 0.741755 0.110498
 0.018486 0.906205 0.074057 0.001252

MOTIF 12-CCCCAGAGGGG STREME-12
letter-probability matrix: alength= 4 w= 11 nsites= 11 E= 1.2e+001
 0.001658 0.995578 0.001106 0.001658
 0.092065 0.633951 0.091512 0.182471
 0.001658 0.814765 0.091512 0.092065
 0.001658 0.995578 0.001106 0.001658
 0.905724 0.001106 0.001106 0.092065
 0.001658 0.001106 0.995578 0.001658
 0.815317 0.001106 0.181919 0.001658
 0.001658 0.272325 0.724358 0.001658
 0.092065 0.091512 0.724358 0.092065
 0.001658 0.001106 0.905171 0.092065
 0.092065 0.001106 0.905171 0.001658

********************************************************************************
Stopped because 3 consecutive motifs exceeded the p-value threshold (0.05).
********************************************************************************
COMMAND:	streme --verbosity 1 --oc streme_outputs/Azospirillum_brasilense_33_200_Bacillus_subtilis_33_200 --dna --p opt_files/Azospirillum_brasilense/Azospirillum_brasilense_33_200.fasta --n deopt_files/Bacillus_subtilis/Bacillus_subtilis_33_200.fasta --order 2 --minw 6 --maxw 20 --pvt 0.05
********************************************************************************
CPU:		student-VirtualBox
********************************************************************************
FINALTIME:	79.64 seconds
********************************************************************************
